_____Question 1_____

The custom covarience matrix is:

[[  1.79468657e+03   5.98832056e+02   1.40634899e+01  -4.88673783e+00
   -2.80023307e+00  -9.24385500e+02  -2.58713552e+02   1.18133866e+01
   -9.70630726e+00   1.32479447e+03]
 [  5.98832056e+02   3.36560086e+02   6.22077467e+00  -2.04502933e+00
   -1.17816446e+00  -2.89957100e+02  -1.64885064e+02   1.51852884e+01
    3.16350305e+01   4.61761921e+02]
 [  1.40634899e+01   6.22077467e+00   2.23337740e-01  -7.35072146e-02
   -4.22410108e-02  -4.47284297e+00   2.29341395e+00   1.52113339e-01
   -2.30280376e+00   1.54346558e+01]
 [ -4.88673783e+00  -2.04502933e+00  -7.35072146e-02   3.34188897e-02
    1.97252425e-02   1.21513100e+00  -1.13646775e+00  -4.30002400e-02
    1.12267849e+00  -4.48542469e+00]
 [ -2.80023307e+00  -1.17816446e+00  -4.22410108e-02   1.97252425e-02
    1.22119946e-02   6.55298229e-01  -6.69353952e-01  -2.52377277e-02
    6.62872326e-01  -2.51566226e+00]
 [ -9.24385500e+02  -2.89957100e+02  -4.47284297e+00   1.21513100e+00
    6.55298229e-01   3.50517348e+03   8.27439241e+02   3.14776536e+00
   -8.60618247e+01  -9.14642631e+02]
 [ -2.58713552e+02  -1.64885064e+02   2.29341395e+00  -1.13646775e+00
   -6.69353952e-01   8.27439241e+02   2.60087529e+03  -1.82654002e+01
   -2.47972042e+02   1.41107736e+02]
 [  1.18133866e+01   1.51852884e+01   1.52113339e-01  -4.30002400e-02
   -2.52377277e-02   3.14776536e+00  -1.82654002e+01   4.33759406e+02
    2.53290106e+00   1.77842628e+01]
 [ -9.70630726e+00   3.16350305e+01  -2.30280376e+00   1.12267849e+00
    6.62872326e-01  -8.60618247e+01  -2.47972042e+02   2.53290106e+00
    6.81363178e+02  -4.30230626e+02]
 [  1.32479447e+03   4.61761921e+02   1.54346558e+01  -4.48542469e+00
   -2.51566226e+00  -9.14642631e+02   1.41107736e+02   1.77842628e+01
   -4.30230626e+02   5.58454635e+03]]

The difference matrix of the custom covariance matrix and numpys:

[[ 0.  0.  0.  0.  0.  0.  0.  0.  0.  0.]
 [ 0.  0.  0.  0.  0.  0.  0.  0. -0.  0.]
 [ 0.  0. -0.  0.  0.  0.  0. -0.  0. -0.]
 [ 0.  0.  0.  0.  0. -0.  0.  0. -0.  0.]
 [ 0.  0.  0.  0.  0. -0.  0.  0. -0.  0.]
 [ 0.  0.  0. -0. -0.  0.  0. -0.  0.  0.]
 [ 0.  0.  0.  0.  0.  0.  0.  0.  0. -0.]
 [ 0.  0. -0.  0.  0. -0.  0. -0.  0.  0.]
 [ 0. -0.  0. -0. -0.  0.  0.  0.  0.  0.]
 [ 0.  0. -0.  0.  0.  0. -0.  0.  0.  0.]]


_____Question 2_____

The variance of the datapoints in the projected subspace is:

[[ 6579.4455     0.    ]
 [    0.      3853.6679]]


_____Question 3_____

covariance matrix in its eigendecompositionform:

[[  6.57944546e+03   0.00000000e+00   0.00000000e+00   0.00000000e+00
    0.00000000e+00   0.00000000e+00   0.00000000e+00   0.00000000e+00
    0.00000000e+00   0.00000000e+00]
 [  0.00000000e+00   3.85366786e+03   0.00000000e+00   0.00000000e+00
    0.00000000e+00   0.00000000e+00   0.00000000e+00   0.00000000e+00
    0.00000000e+00   0.00000000e+00]
 [  0.00000000e+00   0.00000000e+00   2.01627711e+03   0.00000000e+00
    0.00000000e+00   0.00000000e+00   0.00000000e+00   0.00000000e+00
    0.00000000e+00   0.00000000e+00]
 [  0.00000000e+00   0.00000000e+00   0.00000000e+00   1.32668992e+03
    0.00000000e+00   0.00000000e+00   0.00000000e+00   0.00000000e+00
    0.00000000e+00   0.00000000e+00]
 [  0.00000000e+00   0.00000000e+00   0.00000000e+00   0.00000000e+00
    6.10155178e+02   0.00000000e+00   0.00000000e+00   0.00000000e+00
    0.00000000e+00   0.00000000e+00]
 [  0.00000000e+00   0.00000000e+00   0.00000000e+00   0.00000000e+00
    0.00000000e+00   4.33576374e+02   0.00000000e+00   0.00000000e+00
    0.00000000e+00   0.00000000e+00]
 [  0.00000000e+00   0.00000000e+00   0.00000000e+00   0.00000000e+00
    0.00000000e+00   0.00000000e+00   1.17323905e+02   0.00000000e+00
    0.00000000e+00   0.00000000e+00]
 [  0.00000000e+00   0.00000000e+00   0.00000000e+00   0.00000000e+00
    0.00000000e+00   0.00000000e+00   0.00000000e+00   8.63920398e-02
    0.00000000e+00   0.00000000e+00]
 [  0.00000000e+00   0.00000000e+00   0.00000000e+00   0.00000000e+00
    0.00000000e+00   0.00000000e+00   0.00000000e+00   0.00000000e+00
    1.07358207e-02   0.00000000e+00]
 [  0.00000000e+00   0.00000000e+00   0.00000000e+00   0.00000000e+00
    0.00000000e+00   0.00000000e+00   0.00000000e+00   0.00000000e+00
    0.00000000e+00   3.85302600e-04]]

[[ -3.27812305e-01  -1.13810001e-01  -3.06076690e-03   9.27109146e-04
    5.21882399e-04   3.80700011e-01   7.16522956e-02  -3.37405774e-03
    5.35411190e-02  -8.52426707e-01]
 [ -1.34406332e-01  -5.38837224e-02   6.59372017e-04  -2.58205308e-04
   -1.52710005e-04   6.93897410e-01   5.62620169e-01  -1.03235567e-03
   -1.18351409e-01   4.08641365e-01]
 [  6.55078481e-02  -1.89938175e-02   1.05931761e-03  -5.10399700e-04
   -2.94635944e-04  -5.40076835e-01   8.13121108e-01  -1.24715329e-02
   -5.31065391e-02  -1.98800703e-01]
 [  8.63988253e-01   3.19766485e-01   6.93028658e-03  -2.60555110e-03
   -1.51275933e-03   2.85130223e-01   7.58844641e-02   1.18948093e-02
    9.25138649e-02  -2.35496475e-01]
 [  9.45511967e-02  -1.97548493e-02   2.65185255e-03  -1.53899865e-03
   -9.19340567e-04  -5.48387919e-03  -1.02210804e-01  -9.75590040e-03
   -9.84242210e-01  -1.06557705e-01]
 [ -1.98552026e-02   2.32592322e-02   1.33441545e-04  -3.46437681e-05
   -2.21501607e-05  -8.83939074e-03   9.93832884e-03   9.99354910e-01
   -1.28997821e-02  -3.34856664e-03]
 [  3.38166662e-01  -9.38307839e-01  -1.08823228e-02   3.06287144e-03
    1.81386903e-03   2.19814955e-02  -2.91761487e-02   2.97504329e-02
    5.32605544e-02   5.86535424e-03]
 [  3.99907112e-03   1.33847863e-02  -9.27765187e-01   3.22020557e-01
    1.88001798e-01   5.04796167e-04   1.74145735e-03  -1.46359234e-04
   -3.31434451e-03   6.35907094e-04]
 [ -4.54836725e-04   6.74902809e-04  -3.72229862e-01  -7.69222364e-01
   -5.19365739e-01  -7.27669764e-05  -7.74019460e-05  -4.36068452e-06
    6.07457365e-04   2.65933181e-04]
 [  4.57080123e-05  -5.73158422e-05   2.26331399e-02   5.51887659e-01
   -8.33611268e-01  -2.02449029e-06   6.63190171e-06  -4.52404054e-07
   -1.81578398e-05  -2.80193886e-06]]

The eigenvectors are:

[[ -3.27812305e-01  -1.34406332e-01   6.55078481e-02   8.63988253e-01
    9.45511967e-02  -1.98552026e-02   3.38166662e-01   3.99907112e-03
   -4.54836725e-04   4.57080123e-05]
 [ -1.13810001e-01  -5.38837224e-02  -1.89938175e-02   3.19766485e-01
   -1.97548493e-02   2.32592322e-02  -9.38307839e-01   1.33847863e-02
    6.74902809e-04  -5.73158422e-05]
 [ -3.06076690e-03   6.59372017e-04   1.05931761e-03   6.93028658e-03
    2.65185255e-03   1.33441545e-04  -1.08823228e-02  -9.27765187e-01
   -3.72229862e-01   2.26331399e-02]
 [  9.27109146e-04  -2.58205308e-04  -5.10399700e-04  -2.60555110e-03
   -1.53899865e-03  -3.46437681e-05   3.06287144e-03   3.22020557e-01
   -7.69222364e-01   5.51887659e-01]
 [  5.21882399e-04  -1.52710005e-04  -2.94635944e-04  -1.51275933e-03
   -9.19340567e-04  -2.21501607e-05   1.81386903e-03   1.88001798e-01
   -5.19365739e-01  -8.33611268e-01]
 [  3.80700011e-01   6.93897410e-01  -5.40076835e-01   2.85130223e-01
   -5.48387919e-03  -8.83939074e-03   2.19814955e-02   5.04796167e-04
   -7.27669764e-05  -2.02449029e-06]
 [  7.16522956e-02   5.62620169e-01   8.13121108e-01   7.58844641e-02
   -1.02210804e-01   9.93832884e-03  -2.91761487e-02   1.74145735e-03
   -7.74019460e-05   6.63190171e-06]
 [ -3.37405774e-03  -1.03235567e-03  -1.24715329e-02   1.18948093e-02
   -9.75590040e-03   9.99354910e-01   2.97504329e-02  -1.46359234e-04
   -4.36068452e-06  -4.52404054e-07]
 [  5.35411190e-02  -1.18351409e-01  -5.31065391e-02   9.25138649e-02
   -9.84242210e-01  -1.28997821e-02   5.32605544e-02  -3.31434451e-03
    6.07457365e-04  -1.81578398e-05]
 [ -8.52426707e-01   4.08641365e-01  -1.98800703e-01  -2.35496475e-01
   -1.06557705e-01  -3.34856664e-03   5.86535424e-03   6.35907094e-04
    2.65933181e-04  -2.80193886e-06]]


_____Question 5_____

The first ten points of the reduced Matrix are:

[[-1634.98011078 -1041.18278749   120.90498236   958.3197298 ]
 [ -226.96361972  -730.87539618   -49.47379216   236.30619441]
 [  501.70492255  -520.68442627    -9.04111473  -178.73043721]
 [  527.94293551  -524.22046452   -12.20609982  -191.38153696]
 [  525.27676823  -523.81392066   -11.77106029  -189.93174113]
 [ 3026.63803059  2150.82472098 -1100.12155427   190.35461538]
 [  993.27544208  1644.92583534  1628.30048973   -87.24962474]
 [  499.6436426   -527.20378287   -36.32305902  -172.14405498]
 [  874.11394345  -979.31244724  -118.25449193   -65.18756631]
 [-5086.65195452  1051.5426689   -412.01429988  -500.35557828]]